948
405 331
478 71
684 898
8 10
143 123
266 190
387 761
831 812
50 32
884 219
901 342
102 149
841 271
235 215
412 442
85 245
698 631
13 4
167 98
20 781
149 176
256 329
203 402
353 215
706 453
466 443
149 200
691 39
888 855
619 34
389 653
9 20
499 71
389 492
252 126
122 605
13 75
316 123
737 498
386 406
557 728
586 836
768 571
65 105
399 816
93 81
122 558
587 167
487 177
858 378
170 359
92 771
794 685
136 279
292 331
12 531
156 110
77 935
895 434
439 697
272 889
43 112
658 628
584 296
33 678
8 35
838 178
282 272
209 295
136 39
603 869
673 229
181 193
275 512
53 188
88 119
13 686
522 629
258 167
551 675
945 452
34 21
876 318
173 203
938 795
388 229
766 356
103 32
96 18
396 262
762 83
926 724
382 218
63 87
375 156
564 797
177 3
875 733
515 297
28 941
277 724
44 929
801 598
225 124
680 747
56 116
370 662
110 15
85 937
14 7
814 701
873 490
405 509
855 105
82 201
283 877
211 755
530 215
202 49
592 566
108 24
61 8
259 709
83 894
199 921
256 263
832 275
618 412
458 556
219 101
94 194
444 471
932 383
238 31
251 348
430 543
82 175
62 214
790 550
32 257
428 357
264 104
387 250
264 663
621 262
282 919
466 538
37 8
1 15
119 810
240 363
240 175
386 353
45 640
674 470
333 270
575 17
257 946
358 614
100 31
440 168
105 867
390 904
523 537
604 190
76 734
223 900
541 82
452 398
91 31
913 300
500 449
765 217
184 268
296 505
232 116
632 782
75 298
43 285
206 231
31 123
773 384
892 646
227 427
34 139
107 453
574 58
834 706
73 206
824 148
64 73
433 387
165 91
846 715
43 310
423 532
786 426
511 783
35 58
284 17
133 681
700 685
207 290
108 198
20 36
65 124
113 56
460 28
325 152
863 279
775 907
148 132
585 49
693 206
528 595
154 43
94 422
680 636
467 798
830 292
516 405
725 585
215 445
710 609
17 1
91 99
186 887
118 624
303 749
306 199
169 186
242 57
6 19
654 727
53 234
79 237
494 799
248 572
42 303
190 642
488 364
167 703
248 458
110 152
631 561
37 928
158 474
355 67
163 878
203 205
157 77
98 35
63 683
403 313
730 87
120 80
278 211
758 521
65 690
188 665
714 864
301 793
22 41
885 507
751 315
65 1
74 23
616 241
677 29
332 274
183 147
48 314
2 1
325 701
41 423
160 434
920 221
553 473
126 270
53 848
108 125
36 60
451 270
636 168
2 3
92 224
528 806
49 30
124 328
597 581
142 324
365 647
16 6
437 227
144 217
301 220
28 671
398 804
419 72
534 513
102 60
327 165
721 692
407 312
133 161
258 480
222 346
153 143
521 78
770 705
133 776
128 573
524 818
57 82
42 580
835 365
744 441
192 391
742 291
865 73
911 225
249 243
536 462
442 576
499 560
386 491
518 376
64 395
777 745
173 567
454 424
296 815
154 667
385 726
289 365
169 944
109 53
92 8
731 717
893 471
463 351
211 77
150 119
829 493
128 78
71 129
151 210
147 129
522 61
822 786
151 199
446 392
181 243
571 424
326 285
62 42
552 235
18 22
140 52
387 688
67 90
394 80
914 619
362 716
31 68
668 369
748 115
104 138
69 59
854 750
261 35
291 59
144 132
43 3
84 506
183 519
40 94
562 269
612 210
909 79
468 396
146 260
357 214
620 523
445 802
98 925
179 167
42 44
101 61
882 220
791 44
17 40
483 649
283 392
224 828
263 461
915 741
444 327
85 356
281 707
1 5
321 717
455 37
158 413
84 1
438 623
484 594
147 164
599 124
98 141
91 364
9 3
304 360
745 268
837 98
233 165
621 627
451 633
3 32
73 281
319 352
306 416
562 635
389 439
32 547
288 126
948 831
375 497
308 185
808 501
294 37
15 187
660 380
770 866
429 322
425 484
29 415
184 596
35 216
226 15
321 149
379 178
667 729
107 418
190 123
220 557
214 526
104 178
174 182
486 397
678 940
29 39
564 343
86 72
497 689
591 367
135 849
689 784
35 380
300 255
79 17
277 275
518 736
142 70
634 488
617 172
37 563
447 123
787 219
687 785
57 229
132 544
752 76
126 45
326 408
204 715
241 51
52 81
578 194
431 568
501 445
576 778
406 872
719 552
394 607
149 296
498 333
570 384
277 337
156 583
197 65
20 42
840 260
7 11
56 20
262 646
319 181
125 289
70 77
370 243
462 38
456 421
696 166
60 632
502 2
438 75
825 24
694 301
936 502
204 311
286 164
228 141
223 227
2 155
741 199
10 48
137 14
886 298
881 110
236 189
423 448
842 598
345 600
545 85
171 218
3 18
221 73
255 16
458 750
320 239
70 368
266 473
77 350
266 477
412 333
645 463
655 17
118 88
187 529
269 251
833 419
102 247
288 687
601 367
524 486
268 845
48 53
166 33
158 650
112 334
896 498
602 353
609 427
192 43
666 187
530 566
917 129
639 208
37 912
132 6
684 179
817 328
25 7
63 648
180 177
390 290
523 754
170 142
400 158
769 224
107 18
222 20
630 309
96 401
432 582
933 586
23 22
490 55
504 805
507 164
177 204
149 162
241 315
787 905
271 193
187 253
224 523
120 861
753 642
321 732
27 23
367 441
334 432
462 820
87 922
508 63
275 62
261 342
549 335
546 50
714 102
669 117
682 201
322 11
381 279
641 351
156 637
78 50
530 610
358 890
611 168
265 49
481 201
336 32
330 65
851 442
345 155
229 304
561 536
334 351
84 145
664 427
251 118
411 807
236 924
1 4
538 874
345 511
308 891
71 54
470 19
296 943
404 45
193 606
64 76
879 854
149 267
592 672
34 54
860 526
52 482
543 823
171 44
525 517
71 850
366 26
51 38
373 196
457 251
738 494
8 476
162 533
603 482
189 9
582 652
746 583
340 284
347 322
656 230
622 572
575 772
110 305
93 313
117 42
322 692
173 449
149 670
883 325
169 152
743 541
11 70
38 659
336 569
101 207
444 485
550 535
362 135
897 186
726 903
80 385
467 852
869 880
67 56
276 551
496 467
467 69
309 104
273 266
45 42
168 27
191 131
151 129
156 811
708 161
268 613
259 73
11 195
12 89
36 424
35 57
421 539
720 180
70 254
565 359
84 274
727 910
105 196
312 141
570 839
44 64
514 763
489 464
868 865
43 85
93 513
527 198
598 415
53 377
659 695
16 38
803 352
1 7
323 643
60 115
43 535
306 431
521 626
176 239
28 172
464 133
121 56
73 349
63 2
6 2
115 615
483 81
177 220
374 241
8 24
651 723
122 70
24 72
702 870
177 590
317 198
316 857
163 27
421 161
86 146
58 335
358 42
250 162
46 795
323 704
184 141
593 208
299 555
733 200
114 93
134 78
60 213
343 334
767 414
100 383
137 372
66 223
209 151
88 65
526 702
712 514
80 70
542 355
705 629
114 812
339 21
699 666
414 157
718 219
154 796
6 378
156 469
10 215
55 43
88 465
13 135
386 722
159 60
386 586
354 194
106 30
548 142
71 293
774 76
413 809
183 577
323 322
228 280
47 625
800 241
91 212
579 402
341 192
930 87
287 70
591 676
788 330
443 152
220 608
262 122
8 30
2 12
59 57
789 592
38 735
859 33
802 821
181 177
22 31
69 131
49 66
270 916
208 20
493 448
566 685
576 740
111 174
934 443
610 847
21 7
29 13
100 589
399 410
383 384
620 644
397 384
479 308
389 277
323 942
425 137
29 871
411 98
399 450
274 902
661 132
160 122
792 336
494 111
10 361
657 150
